371.4297 312.4023
373.1641 307.7578
375.9219 302.2695
382.3828 291.5117
387.0117 283.8711
388.3828 280.7891
393.7734 273.3828
407.2227 260.3320
416.5664 252.3867
423.1875 248.2969
432.4414 242.9180
447.2578 236.2344
459.9258 230.4609
473.9492 224.7969
483.5469 221.3398
492.7188 218.9609
502.3281 216.4492
514.7500 212.3984
524.3672 209.2344
531.4102 206.0586
537.4102 200.9688
546.8789 193.0078
558.2852 185.2422
566.5195 179.1484
575.4297 173.6250
582.4766 170.1328
587.3633 167.4102
594.1836 162.1836
603.4844 154.6523
613.9883 150.8008
620.4648 149.5078
624.5117 149.1914
629.0352 149.1914
637.7266 150.2109
651.7578 154.0312
667.0312 159.0430
672.1133 162.7891
672.7383 164.6641
672.7383 164.6641
672.7383 164.6641
672.7383 164.6641
672.7383 164.6641
676.6445 163.1523
697.6719 156.2852
716.6992 152.1367
730.4336 149.3750
740.5078 147.9453
746.3359 147.3398
750.1250 147.0508
755.9531 146.1562
760.6797 145.2891
765.0898 143.7930
769.6133 141.3789
775.0742 138.0781
781.1562 132.8789
786.8086 127.2031
788.3984 120.9219
770.9180 112.4102
747.3867 107.7031
732.3438 103.1211
730.5898 101.1836
737.7773 100.6914
764.5859 96.5234
778.6641 90.1016
790.1328 82.7266
806.9492 70.9805
816.1172 63.9805
824.3828 59.6992
832.2227 56.7227
837.4805 55.4570
842.2070 54.5898
847.3008 53.6953
852.3945 53.6953
856.1797 53.6953
863.1680 53.3789
870.9805 53.3789
882.4336 53.3789
890.6680 53.3789
899.7852 53.3789
912.2656 53.3789
924.3984 53.3789
934.5312 54.0312
941.4297 55.6484
949.8086 59.9883
959.6055 67.2461
966.5000 72.4648
971.3906 74.8828
977.9492 78.0039
984.9375 80.5312
989.0391 81.6445
990.0547 82.4023
990.5977 84.2617
991.2227 89.9453
990.9062 99.7383
985.4141 115.0117
981.3242 130.5781
979.3594 146.7383
978.3828 153.8438
977.1445 159.1602
976.0312 170.2773
974.9453 181.7305
974.3164 188.7109
973.6289 196.5195
971.7734 208.9453
969.9727 220.4609
967.6094 234.4219
964.7656 245.8320
962.0469 254.9492
959.5859 263.6641
956.6719 275.6094
954.5820 285.1992
952.8633 293.3750
950.2539 301.2148
948.7539 306.3086
946.6250 311.7695
944.1562 317.0273
941.7930 321.7539
940.3477 325.4336
939.2188 328.2305
936.3789 334.9102
932.3320 342.6641
927.3281 348.2656
924.2773 351.0000
922.0938 352.5938
918.9609 354.0195
908.1523 359.0117
894.3906 365.2930
883.8086 369.5156
877.1602 371.7031
867.0742 372.7734
857.9102 373.8203
847.3242 375.2617
842.5703 376.1719
839.1758 376.7422
835.6758 377.9102
829.0859 380.0977
822.5859 382.0273
811.5234 384.1484
794.2109 386.9336
775.9648 387.8086
757.4453 387.8086
744.7539 387.8086
728.7461 387.8086
708.3398 388.6523
688.5898 389.4961
672.5859 389.9453
659.1328 389.9453
647.1602 389.9453
633.1641 388.4336
622.5586 385.8945
610.0664 382.3633
592.9922 378.2969
582.8672 374.3008
572.3359 370.0781
564.8789 365.6602
559.1953 360.2891
554.3438 353.1328
551.6445 348.5859
550.3789 341.1445
550.0352 334.2188
550.3477 324.5938
552.4805 318.7383
554.7891 314.3516
556.7305 311.5312
559.2148 308.7344
563.2617 305.5703
571.6406 301.9688
582.7461 298.6602
601.2930 297.0391
618.6562 297.8008
626.5781 301.5195
631.3008 304.4219
640.9492 311.2812
655.8516 324.5664
670.7031 340.2148
677.8164 349.9180
681.4023 355.0117
684.9336 359.7383
688.4648 363.8945
693.3008 368.7305
697.2852 373.3398
700.6758 376.7305
702.5625 379.4727
705.0742 382.8398
710.1094 386.5938
719.0859 392.4648
727.0117 397.0898
734.0000 400.5820
740.4766 403.1367
747.8906 406.0039
755.3906 410.8867
761.5859 414.2969
765.7422 416.0625
771.6289 417.0273
776.4102 418.1680
778.5781 418.6797
783.6680 420.1836
790.6562 421.7461
799.4609 419.6641
805.2578 413.5898
808.7891 408.8359
811.9805 404.7344
815.5664 400.5000
822.0156 393.0273
826.3203 386.0234
829.8945 378.1562
831.9062 370.3789
832.9258 362.5117
832.9258 353.7930
832.9258 346.8672
832.2383 337.2500
829.4258 331.0273
822.5781 323.5547
813.5312 316.0977
805.0234 305.7344
799.9180 298.9492
792.5273 287.4961
784.7070 276.3711
777.8984 266.6641
770.3594 253.5195
763.8086 240.7930
758.5938 230.6875
754.6562 221.0430
748.8438 209.0703
742.8359 195.9688
737.0000 186.0156
731.9961 180.3281
727.8398 176.1719
721.9297 169.6367
717.4688 164.5508
712.5508 159.3203
707.0625 155.0820
702.8828 151.8398
697.7617 148.8242
692.4805 145.4180
686.1172 140.3047
680.2617 136.3242
675.3477 132.9453
669.8594 129.6445
665.3125 126.6328
657.3867 123.3438
647.2812 119.8281
636.2734 116.2891
624.7812 113.4023
615.2109 110.9961
606.5273 109.5938
595.5195 108.8516
585.8789 108.8516
576.7422 108.8516
568.4492 108.8516
559.7109 108.4805
546.2500 108.4805
532.3125 108.4805
520.6367 108.4805
507.7070 107.7383
494.7734 106.6250
486.5156 105.9102
477.8125 105.9102
469.1289 108.2891
462.4805 112.3516
458.0938 113.8047
449.3242 114.4531
433.1406 116.9023
398.0664 126.0977
359.1797 136.6328
333.3125 143.0430
326.9648 145.2773
326.7031 147.0820
326.7031 152.9922
326.7031 166.4336
326.7031 176.0547
326.7031 183.8750
326.7031 192.5664
326.0430 199.4688
325.0938 204.9219
324.1445 209.4453
323.5938 212.8672
323.3047 215.6055
323.3047 220.3320
323.3047 224.3242
323.3047 228.6797
323.3047 231.4766
325.0117 235.4609
326.7227 239.5078
328.7734 243.6641
332.4961 249.8594
335.2500 254.7461
337.6094 259.4688
339.5781 262.5781
342.4844 266.9375
345.6094 273.9844
348.5586 282.2500
350.4062 287.5078
353.1094 292.9688
357.8750 301.8281
363.7734 311.7891
370.2500 319.3203
375.3086 323.7539
383.8008 331.8750
394.0664 340.2656
404.9648 353.2617
409.3711 370.6797
410.8672 385.2500
413.2070 399.0469
415.9883 404.8281
416.2461 406.6328
416.2461 414.2188
415.9297 420.8086
415.9297 424.4883
415.9297 434.3281
419.8086 451.7852
421.2852 453.2617
421.2852 453.2617
421.2852 453.2617
421.2852 453.2617
421.2852 453.2617
420.8867 459.5586
419.0156 486.0469
417.3398 505.3320
415.7188 522.0430
415.7188 539.0938
415.7188 551.2812
415.7188 560.0234
415.7188 567.4375
416.0312 574.4844
416.6016 578.2734
417.4297 581.6406
418.6250 586.1641
419.5898 593.5781
419.5898 597.7344
419.5898 603.1953
420.4961 609.0195
420.7812 613.9102
420.7812 622.1758
419.7500 630.4414
416.3750 640.4961
410.8203 652.6680
405.9219 660.6484
401.7227 668.0625
393.4648 678.3984
385.6055 684.4961
378.0781 689.3789
366.8398 695.8984
356.2344 699.8984
348.8828 702.2227
341.8672 703.8125
332.7031 705.2266
324.8359 705.5664
321.0234 705.5664
317.6289 705.5664
312.8750 705.5664
307.3867 705.5664
301.8984 705.5664
297.5117 705.5664
292.9648 705.5664
287.6836 704.9609
282.0352 703.3789
275.0195 700.7969
265.9727 694.6211
251.9688 687.8203
243.7109 683.3477
234.0547 678.1914
221.9688 671.9531
213.2578 665.7773
207.5234 661.6055
201.3008 657.8828
196.3867 655.1289
190.5352 651.7500
186.7227 649.9883
183.9531 648.0742
182.0156 645.8516
180.4453 644.2812
179.1523 642.9883
177.8438 641.4180
176.4805 638.6484
175.3516 635.8789
174.5117 633.0586
173.6445 629.0391
173.0938 626.8438
172.8047 624.0234
172.1758 618.9062
172.1758 616.5977
172.1758 616.5977
172.1758 616.5977
172.1758 616.5977
172.1758 616.5977
162.7695 614.8164
147.1719 608.7109
133.6914 596.6172
128.8516 584.0039
123.0430 575.4102
117.0742 568.7578
114.5117 565.9102
110.1250 562.4062
105.8594 558.4531
102.7070 551.8633
101.2070 547.1094
100.9180 542.1953
99.9688 536.3398
98.3047 528.4727
96.2461 520.6953
93.2188 513.3438
88.3164 502.8125
82.0781 491.0938
77.0078 481.3359
73.4648 470.8047
72.2266 465.4648
71.9375 461.4453
71.6484 457.4336
71.6484 452.5469
71.3594 446.6914
71.3594 440.4688
71.3594 437.9609
71.9844 433.4062
78.8125 422.3594
89.2305 407.9102
91.0742 406.8008
91.0742 406.8008
91.0742 406.8008
91.0742 406.8008
91.0742 406.8008
91.0742 398.8945
91.0742 359.0352
91.0742 329.1953
91.4961 311.1562
91.4961 301.5312
92.1484 294.6055
93.5742 290.4766
94.1172 288.2812
94.9453 284.5742
96.0586 281.4414
96.5742 278.6719
97.6875 275.5391
98.5430 271.8320
99.3984 268.3320
100.2266 264.2578
100.7695 260.5508
101.3125 258.0430
102.1406 254.3359
104.3828 247.3203
108.1328 240.6719
110.8086 236.1250
113.0625 232.4180
114.7461 229.2852
116.4023 226.2031
118.1367 221.8203
118.9922 218.0078
120.6992 213.9922
122.4375 210.1797
125.9297 203.1641
129.8984 195.8125
133.8242 190.3242
136.5547 185.7773
139.8008 180.6562
143.4961 174.4336
146.3477 171.2734
150.1094 168.3945
155.2031 164.5234
159.7266 161.8242
164.8203 160.0078
169.1797 157.9609
177.5234 153.7734
191.4180 146.5156
208.5273 138.7617
233.9258 130.1758
249.0117 127.1406
249.0117 127.1406
249.0117 127.1406
249.0117 127.1406
249.0117 127.1406
249.0117 127.1406
249.2422 127.1406
261.1797 125.3398
273.9023 122.6328
283.9141 120.5469
294.8906 119.4609
303.0703 119.1172
315.0664 118.7734
326.0469 120.1602
335.6445 122.5391
341.6914 124.4375
348.6758 126.6484
358.3828 131.1797
371.2695 140.0977
383.2383 148.9648
391.8438 156.8281
398.1953 163.8047
402.2031 168.7500
406.7266 173.8984
414.0898 181.9453
426.0469 196.6875
435.9062 207.3164
442.8398 214.8477
445.6914 218.8398
450.7422 225.2539
463.2578 237.7422
472.9414 249.3633
481.8164 262.3320
488.0039 270.5703
493.2773 278.6367
499.2305 288.0664
504.1992 295.3398
513.8516 308.1445
529.3828 323.7305
547.5664 349.0625
554.4141 362.3984
554.4141 362.3984
554.4141 362.3984
554.4141 362.3984
554.4141 362.3984
554.4141 362.3984
554.4141 362.3984
554.4141 362.3984
554.4141 362.3984
554.6445 362.3984
566.1797 367.8711
574.8359 370.9883
582.6758 375.2148
589.2383 378.3398
596.2266 382.1445
606.3789 388.1484
624.3789 399.1836
643.6367 410.3750
662.5195 420.6445
670.4727 425.2969
676.0977 428.4219
682.6602 432.4844
688.4883 435.5273
691.9102 437.5234
694.6523 439.1250
698.6992 441.1211
703.4258 444.0547
707.5820 447.2734
713.0430 450.8594
717.1992 454.1055
721.5547 458.1484
730.3945 467.3594
739.1367 474.2812
744.5391 478.6875
746.3984 481.1172
748.3672 483.9414
752.1484 489.8555
762.6250 503.8750
783.8438 530.0625
798.5000 546.4766
806.0781 554.0547
815.4102 563.3867
830.1719 579.4531
849.6680 604.2305
853.6953 611.6367
850.9141 612.7227
850.9141 612.7227
850.9141 612.7227
850.9141 612.7227
850.9141 612.7227
850.9141 612.7227
850.9141 612.7227
850.9141 612.7227
850.9141 612.7227
850.9141 612.7227
857.1328 614.8750
868.4570 621.8203
876.5547 627.5547
881.0703 630.8203
884.7383 633.3516
887.7891 635.2617
889.9062 636.8359
893.9531 638.8320
898.1094 641.1680
905.5234 644.7148
914.1836 648.8516
922.8750 652.5078
931.1406 656.4766
938.4688 659.7656
947.5859 663.1367
957.1172 665.5117
966.7344 667.9727
978.1992 669.7539
986.4648 670.0938
994.3047 670.4062
1002.0586 670.4062
1011.6016 670.4062
1019.4414 670.4062
1028.9844 669.3750
1038.1250 667.6016
1051.9141 664.3164
1063.5664 661.6641
1075.9922 657.6406
1090.0820 651.5469
1102.0273 646.1016
1109.7773 642.3672
1117.6172 639.0508
1124.6055 635.2461
1131.1680 631.1562
1137.6719 625.3125
1145.7422 617.5859
1150.0117 612.3789
1152.5234 609.2695
1154.1797 606.4492
1155.9180 601.6953
1157.9023 593.4023
1159.5742 586.0508
1160.7969 579.8320
1161.8164 570.6953
1162.8633 562.0117
1162.8633 557.9375
1162.8633 553.1289
1159.9336 549.3164
1153.8242 544.2031
1144.5664 539.0469
1135.4023 535.8789
1127.1094 533.8711
1120.8945 533.5547
1117.1875 533.5547
1114.9961 533.5547
1113.1641 534.8438
1111.5938 536.3906
1109.9219 537.9922
1107.6992 541.0430
1104.1445 545.7656
1100.2461 550.8594
1097.6562 553.9961
1094.4375 558.3555
1091.4258 562.8789
1088.4688 567.9688
1085.7656 573.0625
1083.4023 577.7891
1082.5625 580.5859
1081.3789 585.3125
1080.0039 594.4844
1078.9453 605.4688
1078.5742 619.9727
1077.8047 635.6133
1076.6914 647.5586
1074.1562 659.4844
1071.2148 671.9102
1069.4688 681.9336
1066.8594 689.7734
1063.7383 695.0312
1059.8672 700.1250
1056.9922 703.5469
1053.7734 707.9062
1050.0391 711.8984
1045.4922 715.4844
1037.2266 721.3008
1026.3555 727.4531
1015.2852 731.8711
1005.6406 734.0234
995.5938 735.4102
985.9688 736.1172
976.8242 736.4570
969.8984 736.7969
957.7578 738.1836
941.6133 739.7344
927.6094 741.2578
915.9883 742.3867
903.0625 743.4883
891.5703 744.5625
883.3672 745.2422
871.2266 747.4180
854.3242 750.1797
840.8789 752.4883
825.2695 754.8008
812.8164 756.9766
801.1953 757.7383
790.1836 758.8125
777.5625 758.8125
767.4375 758.8125
761.5391 758.8125
757.6758 758.8125
751.9805 759.1250
747.8008 759.4102
743.6211 759.4102
738.8672 759.4102
734.1133 759.4102
728.9922 759.4102
723.7109 759.0938
718.5898 757.5938
716.0820 756.5195
713.9375 755.1836
712.0547 753.8477
710.4336 751.6562
708.9961 747.8516
707.8477 744.1523
707.5312 737.4531
707.5312 726.9219
709.1406 715.0195
716.2656 699.3945
723.1523 688.1562
734.2227 672.7773
747.1172 655.4141
762.2930 633.9219
773.7852 617.3984
781.3789 606.7695
787.6758 598.0234
791.3984 593.0273
794.5898 588.9258
797.1562 585.7656
801.3398 580.9570
803.8516 578.1367
806.0234 575.6523
807.8828 574.0586
808.6250 573.5547
810.7812 572.2344
815.1406 570.1641
819.2969 568.6914
822.9727 567.2773
827.6992 566.0938
831.0664 565.5156
833.2344 565.5156
837.6484 565.5156
843.2734 567.7031
847.3164 570.2930
849.1211 572.0977
850.7500 574.5820
853.0586 578.9414
856.4961 585.5625
859.4453 592.8906
862.3398 600.3047
863.3047 606.7812
863.3047 616.3789
858.1211 629.8750
853.2500 637.8281
844.6797 645.2305
826.8438 655.1680
809.0508 663.3945
790.8555 672.0508
777.5703 677.1172
767.5273 680.8789
759.7500 683.8828
750.6445 687.2422
740.1250 690.7500
728.6641 693.6016
719.8984 694.9609
714.2500 695.5859
705.9570 697.5430
695.3047 700.8242
680.2422 704.2695
669.1211 705.3711
664.6797 705.3711
659.9258 705.3711
657.1055 705.3711
655.5508 705.3711
655.0625 705.3711
655.0625 705.3711
655.0625 706.6016
656.1484 709.7656
657.8203 718.0000
660.9883 729.4648
663.7969 736.0820
666.2148 741.5430
668.6328 746.4336
670.8555 749.7969
672.9727 751.9141
675.1719 754.1133
678.2812 755.7969
683.7422 758.8125
691.2148 762.9570
700.5547 768.5117
709.0117 773.4453
717.2773 776.7617
723.4727 779.5469
730.4609 781.7617
740.0820 782.8086
759.4492 783.2305
776.0664 783.2305
789.6758 783.2305
797.4297 782.2266
805.2656 780.9336
811.3125 779.6445
817.8750 778.6953
823.1328 777.4297
827.8594 775.9570
832.5859 774.1680
837.4766 772.3242
842.5703 769.3359
847.0938 766.8945
852.5547 763.5117
857.2812 760.2656
860.3906 757.4180
864.0938 753.9727
870.1797 748.8555
880.1992 742.0273
888.4062 736.2773
894.0898 732.5039
899.1836 729.2305
903.5430 726.2969
906.6523 724.0195
909.7070 721.7930
913.6992 719.4844
917.8555 717.6953
923.3164 715.8516
928.7773 714.3516
932.5664 713.4570
936.2461 712.6172
941.1367 711.6953
947.3320 710.1406
950.4414 709.8516
954.5430 709.8516
960.6523 711.1289
969.3984 713.7656
977.1523 716.1172
984.5664 718.9844
991.4688 722.5586
1002.3125 729.0781
1008.9883 733.7617
1013.3477 737.5234
1015.5977 740.6289
1019.0703 744.9844
1023.1641 750.3281
1028.4219 755.5859
1031.8438 758.7227
1036.6523 762.8789
1039.3945 765.0508
1042.1641 767.5352
1047.4805 770.3477
1054.0430 773.4727
1059.6680 775.3477
1064.0820 775.9453
1065.6289 775.9453
1066.1055 775.7070
1068.5898 772.9102
1072.7461 769.3555
1074.8633 767.7344
1075.9062 766.1445
1079.6953 763.2148
1083.4023 759.4805
1086.2422 753.7773
1089.9922 747.1875
1092.8984 743.3750
1096.2891 740.5273
1100.0781 737.9102
1104.4375 734.4062
1107.8555 730.9609
1110.9883 726.9453
1115.0820 721.5781
1121.6680 713.2266
1126.5117 703.5430
1129.5703 693.9727
1131.7305 687.7500
1132.8984 683.9375
1133.1836 680.5430
1133.4688 676.5234
1133.4688 673.0781
1133.4688 668.6953
1132.0117 658.3125
1128.3711 640.9805
1124.5547 628.1758
1120.3555 620.7344
1112.0156 612.4531
1099.1914 603.9922
1077.5195 592.4258
1063.2695 584.3633
1051.1992 577.3164
1039.1719 571.4805
1025.9609 566.1836
1011.5352 560.1875
999.8711 554.5625
990.6914 550.4922
986.1484 548.3711
982.0742 545.4922
974.9492 540.7305
962.8750 533.3984
954.6445 527.6484
947.8828 522.4492
935.4961 516.0703
917.0430 510.9375
902.1523 506.1016
886.9492 498.3828
866.6289 484.7422
849.4609 471.5703
830.6562 461.7070
818.4453 458.2578
810.1523 456.5664
804.6641 455.6445
800.9648 455.3555
798.7695 455.3555
796.3125 455.3555
793.2305 455.3555
789.2109 455.3555
784.4570 455.9531
779.5508 457.1484
772.1094 459.3906
765.8281 461.5508
762.0156 463.2891
756.1641 467.2383
751.6914 471.3984
747.4023 477.2227
744.7031 481.7461
741.2695 487.9375
738.4375 493.5586
734.9531 501.4648
731.8398 510.1797
728.9258 522.1211
727.8945 529.9570
727.8945 534.1094
727.8945 538.5234
729.5938 547.6406
731.3750 559.5859
731.3750 568.7266
731.3750 573.8203
728.4297 579.8203
717.7109 592.4766
705.6367 605.3203
700.8359 609.8672
697.7578 612.0625
694.5703 614.0586
687.5938 621.8047
674.9414 635.1992
664.3047 645.8359
660.1328 649.9805
655.9766 654.1094
648.0977 660.9141
635.2539 671.4062
615.2188 683.5430
597.5234 689.4531
585.9297 692.3359
581.6953 692.6211
579.5039 693.1641
579.0000 693.1641
579.0000 693.1641
579.0000 693.1641
579.0000 693.1641
579.0000 693.1641
579.0000 693.1641
579.0000 693.1641
579.0000 693.1641
579.0000 693.1641
568.6680 695.6562
550.6641 711.4570
531.2344 732.4453
520.5977 739.5273
515.4766 741.3203
510.9297 744.5938
504.3398 748.6562
499.8984 751.5898
498.2930 752.3906
495.4336 752.8906
489.9453 754.3984
483.4453 756.6680
476.0039 759.5898
467.7109 762.2266
459.5078 764.2656
449.9375 766.9844
438.9258 771.9453
427.3047 777.1641
416.7188 781.3633
410.1289 783.2383
403.6289 783.8906
397.1289 784.2031
389.6914 784.5156
379.1602 785.5625
362.9688 788.8633
341.9102 794.4805
331.0820 796.7422
326.3281 796.7422
322.2539 796.7422
315.7539 796.7422
302.7656 796.7422
289.7266 796.7422
284.8594 795.8477
281.4648 794.9805
277.2852 794.0859
271.0664 792.8242
262.7734 791.8203
256.8672 790.2930
253.4727 789.1914
250.3398 788.9023
246.6367 788.6133
239.1367 787.9258
233.0078 786.3477
229.9258 785.2188
228.3555 784.6953
225.8984 784.4336
221.8242 783.2500
217.2812 781.1523
212.5312 778.7930
210.3398 777.6953
207.8828 776.8555
204.8008 775.2031
202.8906 773.2930
201.0469 767.7461
200.0703 761.6719
199.7852 758.5938
199.7852 756.7617
199.7852 753.9453
199.7852 750.8672
199.7852 748.0508
200.0703 743.4609
201.4961 740.0156
203.6289 734.1602
206.6055 725.4414
208.9844 715.8203
209.5781 711.1680
209.5781 709.5625
209.3164 708.2852
206.8086 706.0391
202.5703 700.5508
198.2930 693.9102
194.4883 686.8359
